#test:= -180197 352768 -220242 213814 -36818 144304 -254630 155427 -79440 -462729 220186 -390998 -34417 229740 354879 -271541 -387729 -294240 143462 -479387 244663 355605 428698 -9253 51078 92245 487851 -110241 -387394 -363755 377945 288926 -264111 -49827 -368989 381064 263176 139003 497457 -265165 -175821 -364170 -33771 413407 440572 -426017 495106 -21758 469360 -113077 -374277 -176464 384894 -440648 274689 -412382 -479539 -102034 -151565 -443760 138266 231800 -55725 -111850 -58124 -983 -440462 85577 -101602 333169 -197691 481816 337961 -80302 -6889 -318167 -498714 -481108 -195778 189635 -106516 -349099 -303772 -412653 -168318 -97431 430138 -396780 21429 -81077 291434 427520 26586 -200725 445902 205645 294910 -34320 -302647 -179967 96687 149036 -22772 268488 412035 25339 -473755 360629 451655 59504 -497067 -250121 -419302 218336 -423577 -298170 181313 -228610 461058 445931 -25788 167948 489397 346273 -168478 407914 -114728 -212326 -449785 -162282 -400238 -26058 -491414 -71302 -11801 -237148 -44796 -41834 303311 -97203 -195351 -492691 155732 -138654 -376444 253153 -445509 430904 -134893 -115586 217289 -174947 -342339 -44706 455481 -414344 114272 -42275 161799 -139228 266047 63396 -489971 -340507 417465 -332541 3279 201092 278919 -220385 -358479 499242 -203662 -175397 -150255 136597 346965 242952 -499741 351758 -482138 -451617 386740 -192149 -65725 -216902 450606 351170 396301 -394953 -12366 -139066 -40601 -109750 -87957 474288 -497464 374274 -414171 171980 -229958 -358657 474522 147387 -404894 186696 280235 359642 64751 -234735 -131319 -396042 -486792 453280 182091 -75506 -85032 -115595 325180 41500 46430 -329551 -307309 382362 -484778 -153567 -234061 92607 -368279 466243 46507 50480 -220128 178357 -161258 -249792 -351024 -177450 235002 343975 -424079 404499 -290488 -147873 167817 60660 51787 139638 -242071 11218 196959 173658 -211667 335457 319249 360620 100013 362797 236093 -347949 60304 346044 4997 -403285 -299426 235730 459310 167430 30923 68683 177348 -375898 381489 -472913 373032 379228 430550 -211260 -213820 -156849 433972 369956 9579 -99978 460471 465047 38947 447992 33628 168094 331798 39926 -150747 135653 375049 -29887 385018 -298638 -143805 -82511 -247181 -176834 -73403 490597 144635 374398 316349 86081 -471600 111745 -17230 -200992 65665 264907 -377902 336459 -325915 -23694 137087 245603 302697 267642 413660 414004 -97661 171992 349442 -323050 23209 61995 -52639 11381 490574 190715 91199 165784 202818 109225 117622 203466 222853 -264791 -294770 -217327 -308117 241620 169597 189670 -329246 321480 19529 -94336 110783 -260254 260675 -420571 -278708 431063 76336 433770 -169226 -184817 -433547 -96538 455851 310815 -350380 24762 363105 -421320 103892 -262807 -160833 437181 -249525 -93916 97836 200833 358596 -346293 -196884 -385913 163542 359808 319314 -398779 -475005 411373 -218618 -150155 -109560 -465560 -457012 17257 57828 -166187 356372 390658 423663 -24925 -118505 307601 225215 -492207 -381189 434004 364215 -489952 -222591 12692 407026 489348 407364 -164901 -72337 7533 368579 356016 -307181 -196504 -425253 -482541 371439 -205427 -302968 -298969 -11126 396688 305888 -496109 248481 -192899 56830 -286791 -66590 256772 150384 28530 -181749 302054 -143880 -236659 -430142 -147542 -250614 447897 108527 492251 151613 133327 -56139 108505 -389251 89860 -440835 313935 357778 -430993 477608 -297405 62432 -80418 -420735 411434 -473852 240397 493459 -95985 -448821 -252249 -446582 332060 38768 327114 -258873 109371 145540 344804 -62492 470121 71277 482301 -334772 349383 -135338 116656 -100400 -94027 99528 -349165 -430614 -327183 -195 175265 184421 237358 -77464 70257 -326884 187382
NAME := push_swap
FLAGS := -Wall -Werror -Wextra



DIR_SRC := src
SRC_NP := case_I.c
		check.c
		error.c
		free.c
		instr.c
		main.c
		sort_big.c
		sort_min.c
		stk_op_1.c
		stk_op_2.c
		stk_op_3.c
		stk_op_4.c
		utils.c

SRC := $(addprefix $(DIR_SRC)/, $(SRC_NP))

all:
	gcc src/*.c libft/*.c get_next_line/*.c -o push_swap
#	./push_swap $(test) > my

test:
	python3 gen.py > ps_numb
	gcc src/*.c libft/*.c get_next_line/*.c -o push_swap
	./push_swap -f ps_numb > inst.log